89
72
37
2
8
54
5
73
20
37
25
38
40
16
24
7
88
85
7
15
10
19
13
82
14
19
40
16
15
13
38
38
26
39
66
28
11
25
53
3
17
4
19
95
69
11
25
9
47
79
1
24
98
51
36
71
60
54
88
89
14
89
59
8
98
87
12
1
50
96
96
63
33
5
97
7
99
17
14
4
93
31
68
35
12
14
39
75
4
94
67
56
37
64
88
28
44
12
97
82
99
24
59
50
83
37
91
94
53
29
71
43
41
84
95
83
21
25
95
85
48
37
97
55
29
41
27
69
17
70
63
88
20
32
5
69
72
19
52
74
22
45
22
74
24
24
15
52
68
6
7
20
16
12
35
62
27
5
22
43
11
23
77
83
66
83
24
10
80
27
12
3
72
22
63
3
16
23
31
5
26
74
1
12
63
44
72
8
97
42
42
67
96
10
63
99
68
38
9
41
1
6
72
42
94
5
47
94
49
32
47
5
73
17
18
37
22
66
20
23
11
17
12
39
84
44
6
63
59
63
34
77
15
90
5
20
2
59
17
59
96
78
58
65
94
38
94
80
92
26
77
2
18
85
31
83
93
34
58
50
98
83
36
85
98
70
90
82
12
97
36
63
49
61
26
32
58
47
44
46
49
26
71
33
86
33
59
29
60
22
26
68
2
67
60
14
43
72
67
25
48
12
68
94
90
14
52
57
59
98
25
47
89
12
2
73
12
3
99
65
12
61
23
90
72
67
62
82
2
13
89
85
80
20
98
38
57
77
42
72
80
3
70
62
96
79
78
89
65
86
2
40
73
2
14
86
88
77
23
24
52
70
55
47
9
40
67
70
13
63
16
35
61
28
85
9
91
61
94
92
88
72
17
15
11
49
13
78
7
13
49
79
54
19
20
11
47
23
53
56
13
9
77
3
70
66
79
46
17
5
94
28
83
30
35
80
53
40
36
60
27
88
64
1
14
37
81
42
8
75
62
68
8
38
80
80
94
15
44
45
70
67
62
3
18
22
96
24
83
40
57
7
87
93
30
24
45
77
88
34
85
38
39
42
42
26
20
45
50
55
85
39
96
91
90
60
26
61
82
92
40
57
58
67
18
55
81
15
9
56
35
18
26
11
59
33
29
21
60
92
2
51
74
29
55
18
11
95
4
70
98
83
95
95
93
28
79
71
24
87
45
6
37
93
21
67
13
85
32
58
32
6
2
90
91
89
83
30
13
99
45
85
12
39
58
52
23
31
17
31
53
57
97
73
47
95
15
81
9
87
6
25
64
46
39
92
81
6
4
5
45
49
58
24
43
59
94
98
35
68
45
82
69
2
5
74
9
29
43
95
74
2
22
26
94
20
22
66
1
66
70
18
27
12
86
5
98
73
31
88
2
17
46
40
42
23
56
63
41
64
84
53
62
8
31
43
27
33
29
23
37
29
98
69
98
28
55
57
16
99
75
35
98
54
94
58
56
82
83
71
63
59
25
36
82
18
55
20
81
43
77
66
45
8
51
73
19
76
41
15
68
99
48
41
89
49
54
9
14
72
87
45
50
57
59
78
4
62
87
81
72
36
75
72
23
10
90
91
4
22
40
80
41
68
4
64
12
83
47
33
63
46
6
10
56
32
16
87
48
73
69
56
88
60
42
32
25
75
19
79
58
63
6
92
33
7
5
82
54
95
66
21
16
55
18
26
30
66
17
90
94
4
43
30
52
83
91
81
26
71
40
37
65
67
75
1
41
14
76
49
28
34
34
52
7
48
41
34
42
16
2
58
58
28
85
55
20
75
40
49
16
23
57
82
56
30
56
48
79
18
85
17
89
68
63
60
69
90
24
4
43
58
39
10
69
81
78
37
82
20
80
66
74
28
34
5
77
52
96
76
92
92
54
24
31
85
69
90
64
25
85
29
51
36
6
57
84
47
13
74
51
19
65
60
38
19
43
62
35
58
83
18
94
48
12
50
4
15
78
84
13
88
72
57
34
51
15
38
22
76
21
30
39
23
25
73
27
94
86
13
43
7
55
7
41
68
35
4
24
55
54
69
69
29
62
63
46
9
26
86
4
5
41
58
38
54
78
72
23
39
24
9
28
66
41
6
33
66
17
66
17
12
15
66
22
51
61
11
60
62
27
19
69
1
9
39
66
97
69
87
89
63
81
85
32
45
41
3
88
57
30
80
92
59
69
92
90
74
37
86
92
68
12
60
13
5
40
28
58
2
39
36
97
29
77
54
31
29
34
76
10
58
23
4
33
46
27
10
31
16
